0.507299 0.89781 0.890511 0.554745 0.536496 0.156934 0.448905 0.675182 0.361314 0.113139 0.0620438 0.120438 0.218978 0.215328 
0.89781 0.135036 0.832117 0.529197 0.536496 0.149635 0.405109 0.605839 0.332117 0.113139 0.0620438 0.116788 0.218978 0.211679 
0.890511 0.832117 0.131387 0.518248 0.5 0.138686 0.394161 0.613139 0.317518 0.0985401 0.0547445 0.120438 0.186131 0.20438 
0.554745 0.529197 0.518248 0.0839416 0.343066 0.120438 0.226277 0.419708 0.215328 0.0583942 0.0364964 0.0875912 0.138686 0.113139 
0.536496 0.536496 0.5 0.343066 0 0.127737 0.262774 0.39781 0.218978 0.0839416 0.0547445 0.0912409 0.20438 0.153285 
0.156934 0.149635 0.138686 0.120438 0.127737 0 0.080292 0.109489 0.0729927 0.0182482 0.0182482 0.0255474 0.0583942 0.0291971 
0.448905 0.405109 0.394161 0.226277 0.262774 0.080292 0.00729927 0.259124 0.186131 0.0766423 0.0328467 0.0437956 0.0875912 0.0912409 
0.675182 0.605839 0.613139 0.419708 0.39781 0.109489 0.259124 0.408759 0.255474 0.0875912 0.0547445 0.0912409 0.189781 0.175182 
0.361314 0.332117 0.317518 0.215328 0.218978 0.0729927 0.186131 0.255474 0.0364964 0.0437956 0.0328467 0.040146 0.135036 0.113139 
0.113139 0.113139 0.0985401 0.0583942 0.0839416 0.0182482 0.0766423 0.0875912 0.0437956 0 0.0145985 0.0109489 0.0291971 0.0437956 
0.0620438 0.0620438 0.0547445 0.0364964 0.0547445 0.0182482 0.0328467 0.0547445 0.0328467 0.0145985 0.00729927 0.0109489 0.0291971 0.0291971 
0.120438 0.116788 0.120438 0.0875912 0.0912409 0.0255474 0.0437956 0.0912409 0.040146 0.0109489 0.0109489 0 0.040146 0.0583942 
0.218978 0.218978 0.186131 0.138686 0.20438 0.0583942 0.0875912 0.189781 0.135036 0.0291971 0.0291971 0.040146 0 0.0656934 
0.215328 0.211679 0.20438 0.113139 0.153285 0.0291971 0.0912409 0.175182 0.113139 0.0437956 0.0291971 0.0583942 0.0656934 0.040146 
